Temperature ni=1e17 ni=5e17 ni=1e18 ni=5e18 ni=1e19
eV
0.01 1E-38 1E-38 1E-38 4.04190081E-30 2.17684924E-18
0.0101 1E-38 1E-38 1E-38 4.47063506E-30 2.27093253E-18
0.0201 1E-38 1E-38 1E-38 3.63497549E-26 1.24628494E-16
0.0301 1E-38 1E-38 1E-38 4.94768236E-23 4.16014518E-15
0.0401 1E-38 1E-38 1.1364628E-37 1.78718226E-20 8.86820466E-14
0.0501 1E-38 1.173882E-36 6.12144307E-32 2.38443114E-18 1.29709192E-12
0.0601 2.48835413E-36 3.48891267E-31 1.38686488E-27 1.48195755E-16 1.38568817E-11
0.0701 6.08701508E-31 5.32882125E-27 3.67142362E-24 5.06525689E-15 1.13779376E-10
0.0801 8.17009113E-27 1.0718489E-23 2.12141439E-21 1.07499825E-13 7.48202495E-10
0.0901 1.50195245E-23 5.07611825E-21 4.00597702E-19 1.55114792E-12 4.07337989E-9
0.1001 6.66500869E-21 8.2616955E-19 3.24624083E-17 1.63059917E-11 1.8861393E-8
0.1101 1.03341599E-18 5.97400059E-17 1.36574959E-15 1.31746845E-10 7.59228083E-8
0.1201 7.20060799E-17 2.29883102E-15 3.42198247E-14 8.53336729E-10 2.70346891E-7
0.1301 2.69177817E-15 5.36423724E-14 5.65103246E-13 4.58210956E-9 8.62659219E-7
0.1401 6.13829064E-14 8.36214461E-13 6.63976628E-12 2.09568144E-8 2.4853366E-6
0.1501 9.39270949E-13 9.37078394E-12 5.88719518E-11 8.34524686E-8 6.4695829E-6
0.1601 1.03669277E-11 7.98795811E-11 4.12449653E-10 2.94533072E-7 1.51368716E-5
0.1701 8.72664422E-11 5.41422719E-10 2.36799928E-9 9.34334361E-7 3.1685265E-5
0.1801 5.85300306E-10 3.02251127E-9 1.14726383E-8 2.69099183E-6 5.96325955E-5
0.1901 3.23856734E-9 1.42966603E-8 4.80339827E-8 7.07386997E-6 1.02471485E-4
0.2001 1.52032751E-8 5.8633849E-8 1.7721654E-7 1.69676768E-5 1.63845881E-4
0.2101 6.19498389E-8 2.12487136E-7 5.85470217E-7 3.69759191E-5 2.47856999E-4
0.2201 2.23260607E-7 6.91174988E-7 1.75500966E-6 7.30040014E-5 3.59229392E-4
0.2301 7.22794655E-7 2.04432621E-6 4.82434484E-6 1.31257584E-4 5.03353414E-4
0.2401 2.12959869E-6 5.55715247E-6 1.22592813E-5 2.17728003E-4 6.86271496E-4
0.2501 5.77301979E-6 1.40020598E-5 2.89461419E-5 3.38504567E-4 9.146461E-4
0.2601 1.45314593E-5 3.29081781E-5 6.36268528E-5 5.00274019E-4 0.00119571793
0.2701 3.42236188E-5 7.24202208E-5 1.3006449E-4 7.10595151E-4 0.00153725958
0.2801 7.58820503E-5 1.49418876E-4 2.46739484E-4 9.77965823E-4 0.00194752678
0.2901 1.59152569E-4 2.88783197E-4 4.34489232E-4 0.00131179134 0.00243519962
0.3001 3.16786045E-4 5.22165512E-4 7.13688447E-4 0.00172231507 0.00300932742
0.3101 5.99452811E-4 8.84006986E-4 0.00110327146 0.00222054244 0.00367926647
0.3201 0.00107886024 0.00140738007 0.00162166041 0.00281815273 0.00445461653
0.3301 0.0018462221 0.00212260809 0.00228807202 0.00352740939 0.00534515695
0.3401 0.00300441647 0.00305856582 0.00312329047 0.00436106827 0.00636077263
0.3501 0.00465649529 0.00424459602 0.00414987944 0.00533227864 0.00751140112
0.3601 0.00689672368 0.00571171418 0.00539208686 0.00645449257 0.00880695598
0.3701 0.00980814711 0.0074929906 0.00687560218 0.00774134738 0.0102572643
0.3801 0.013465338 0.00962342262 0.00862727032 0.00920657532 0.0118720024
0.3901 0.0179384087 0.0121395537 0.010674789 0.0108638986 0.0136606376
0.4001 0.0232958464 0.0150789908 0.0130463979 0.0127269151 0.015632349
0.4101 0.029605416 0.0184798668 0.0157705512 0.0148090238 0.0177960045
0.4201 0.0369337657 0.0223803344 0.0188756655 0.017123282 0.0201600729
0.4301 0.0453451936 0.0268180288 0.0223897127 0.0196823512 0.0227325861
0.4401 0.0549000288 0.0318295388 0.026339986 0.0224983735 0.0255210876
0.4501 0.0656528614 0.0374498841 0.0307527551 0.0255828904 0.0285325866
0.4601 0.0776507555 0.0437119997 0.0356529685 0.0289467555 0.0317735155
0.4701 0.090931517 0.0506462338 0.0410639561 0.0326000522 0.0352496913
0.4801 0.105522069 0.0582798618 0.0470071418 0.0365520165 0.0389662808
0.4901 0.121436972 0.0666366222 0.0535017684 0.0408109667 0.0429277712
0.5001 0.138677128 0.0757362812 0.0605646384 0.045384238 0.0471379358
0.5101 0.157228712 0.08559423 0.0682099065 0.0502781245 0.0515998226
0.5201 0.177062351 0.0962211234 0.0764487346 0.0554978274 0.0563157471
0.5301 0.198132611 0.107622518 0.0852892756 0.0610474424 0.0612871909
0.5401 0.220377804 0.119798778 0.0947363917 0.0669298115 0.0665149406
0.5501 0.243720161 0.132744637 0.104791543 0.0731466454 0.0719989735
0.5601 0.268066472 0.146449201 0.115452682 0.0796984174 0.0777385446
0.5701 0.293308675 0.160895841 0.126714134 0.0865843451 0.0837319945
0.5801 0.319325682 0.176062189 0.138566763 0.0938024217 0.0899769903
0.5901 0.345984785 0.191920213 0.150997651 0.101349397 0.0964704232
0.6001 0.373143797 0.208436365 0.163990251 0.109220795 0.103208434
0.6101 0.400653425 0.225571886 0.17752467 0.117410933 0.110186439
0.6201 0.428359898 0.243282721 0.191577572 0.125912949 0.117399151
0.6301 0.456107762 0.261520532 0.206122342 0.134718837 0.124840606
0.6401 0.483742556 0.28023285 0.221129326 0.143819492 0.132504196
0.6501 0.511114561 0.299363186 0.236566134 0.153204757 0.140382634
0.6601 0.53808022 0.31885233 0.252397537 0.162863484 0.148468235
0.6701 0.564505592 0.338638156 0.268586236 0.172783593 0.156752617
0.6801 0.590268359 0.358656996 0.285092878 0.182952145 0.165226953
0.6901 0.615259682 0.378843923 0.30187645 0.193355411 0.17388193
0.7001 0.639385492 0.399133526 0.318894734 0.203978958 0.182707925
0.7101 0.662567872 0.419460481 0.336104268 0.214807723 0.191694871
0.7201 0.684745066 0.439760734 0.353461282 0.22582608 0.20083242
0.7301 0.705870445 0.459971428 0.370921708 0.237018096 0.210109963
0.7401 0.725914282 0.480032002 0.388441638 0.24836715 0.21951668
0.7501 0.74486109 0.499884657 0.405977675 0.2598567 0.229041592
0.7601 0.76270888 0.519474993 0.423487287 0.271469971 0.238673606
0.7701 0.779467792 0.53875198 0.440929127 0.283189769 0.248401567
0.7801 0.795157692 0.557669077 0.458263345 0.294999202 0.258214406
0.7901 0.80980911 0.576184032 0.475451859 0.306881467 0.268100792
0.8001 0.823457816 0.594258897 0.492458607 0.318819637 0.278049745
0.8101 0.836145801 0.611861541 0.509249507 0.330797274 0.288050313
0.8201 0.847919105 0.628963571 0.525793657 0.342798168 0.298091699
0.8301 0.858826474 0.645541789 0.542061937 0.354806482 0.308163303
0.8401 0.86891813 0.661577719 0.55802815 0.366806819 0.318254752
0.8501 0.878245588 0.677057457 0.573668832 0.378784276 0.328355934
0.8601 0.886857899 0.69197146 0.58896329 0.390724496 0.338457029
0.8701 0.89480538 0.706314291 0.603893601 0.402613715 0.348548532
0.8801 0.902136013 0.720084244 0.618444583 0.414438799 0.358621281
0.8901 0.908895894 0.73328387 0.632603737 0.42618728 0.368666473
0.9001 0.915128958 0.745917017 0.646361162 0.437847379 0.378675683
0.9101 0.920876812 0.757992145 0.659709448 0.449408033 0.388640881
0.9201 0.926178648 0.769519567 0.672643449 0.460858904 0.39855444
0.9301 0.931071219 0.780511722 0.685160574 0.472190392 0.408409144
0.9401 0.935588909 0.790982848 0.697260413 0.483393642 0.418198201
0.9501 0.93976296 0.800948671 0.708943147 0.494460537 0.427915239
0.9601 0.943624805 0.810426113 0.720212238 0.5053837 0.43755431
0.9701 0.94720123 0.819433094 0.731072191 0.51615648 0.447109891
0.9801 0.950517992 0.827987388 0.741528927 0.526772942 0.456576877
0.9901 0.953599048 0.836109442 0.751589624 0.53722785 0.465950583
1.0001 0.956466704 0.843817776 0.761262558 0.547516648 0.475226729
1.0101 0.959141776 0.8511318 0.77055696 0.557635437 0.484401438
1.0201 0.961643751 0.858070901 0.779482866 0.567580956 0.493471227
1.0301 0.963990933 0.864654324 0.788050996 0.577350552 0.502432992
1.0401 0.966200603 0.870901082 0.796272704 0.586941824 0.511284002
1.0501 0.968289155 0.876829879 0.8041589 0.596353944 0.520021885
1.0601 0.970272241 0.882459056 0.81172315 0.605585572 0.528644614
1.0701 0.972164901 0.887806549 0.818977018 0.614636224 0.537150498
1.0801 0.973981691 0.892889869 0.825933026 0.623505885 0.545538164
1.0901 0.975736804 0.897726036 0.832603811 0.632194984 0.553806547
1.1001 0.977444182 0.902332495 0.839002069 0.640704367 0.561954875
1.1101 0.979117625 0.90672382 0.845140505 0.649035268 0.569982655
1.1201 0.980770894 0.91091665 0.851031796 0.657189284 0.577889662
1.1301 0.982417801 0.914926359 0.856688559 0.66516835 0.585675922
1.1401 0.984072297 0.918767947 0.862123326 0.672974713 0.593341704
1.1501 0.985748554 0.92245608 0.867348523 0.680610912 0.600887504
1.1601 0.987461963 0.926005117 0.872376465 0.688079753 0.608314032
1.1701 0.98922543 0.92942915 0.877219345 0.695384291 0.615622204
1.1801 0.99105518 0.932742037 0.881889229 0.702527808 0.622813127
1.1901 0.992966892 0.935957443 0.886398064 0.709513797 0.629888092
1.2001 0.994976732 0.939088875 0.89075842 0.71634585 0.636848559
1.2101 0.997101372 0.942149717 0.894980432 0.723028033 0.643696151
1.2201 0.999358003 0.945153264 0.899076569 0.729564264 0.650432645
1.2301 1.00176433 0.948112752 0.903058351 0.735959202 0.657059844
1.2401 1.00433854 0.951041389 0.90693722 0.74221615 0.66358004
1.2501 1.00709928 0.953952378 0.910724547 0.748340087 0.669995289
1.2601 1.01006456 0.956858934 0.914431649 0.754335569 0.676307894
1.2701 1.01325571 0.959774307 0.918069794 0.760207261 0.682520267
1.2801 1.01669139 0.962711784 0.921650215 0.765959925 0.688635389
1.2901 1.02039133 0.9656847 0.925184117 0.771598414 0.694654928
1.3001 1.02437526 0.968706435 0.928682683 0.777127664 0.700582092
1.3101 1.02866276 0.971790406 0.932157081 0.782552689 0.706419683
1.3201 1.0332731 0.974950054 0.935618461 0.787878572 0.712170587
1.3301 1.03822506 0.978198818 0.939077959 0.793110459 0.717837766
1.3401 1.04353676 0.981550116 0.942546692 0.798253559 0.723424256
1.3501 1.04922542 0.985017299 0.94603575 0.803313131 0.728933164
1.3601 1.05530717 0.98861362 0.949556184 0.808294484 0.734367656
1.3701 1.06179686 0.992352174 0.953118996 0.81320297 0.739730961
1.3801 1.06870782 0.996245851 0.956735115 0.818043981 0.745026361
1.3901 1.07605168 1.00030727 0.960415382 0.822822938 0.750257189
1.4001 1.08383814 1.00454873 0.964170521 0.827545294 0.755426826
1.4101 1.09207484 1.0089821 0.968011109 0.832216521 0.760538693
1.4201 1.10076718 1.01361879 0.971947548 0.836842107 0.765596248
1.4301 1.10991816 1.01846965 0.975990025 0.841427551 0.770602985
1.4401 1.11952832 1.02354491 0.980148479 0.845978426 0.775562425
1.4501 1.12959561 1.02885408 0.984432558 0.85050008 0.780478111
1.4601 1.14011537 1.03440592 0.988851575 0.854998076 0.785353609
1.4701 1.15108033 1.04020831 0.993414469 0.859477207 0.790192497
1.4801 1.16248061 1.04626823 0.998129759 0.863944289 0.794998362
1.4901 1.17430492 1.05259169 1.0030055 0.868404012 0.799774796
1.5001 1.18653624 1.05918368 1.00804924 0.872861731 0.804525389
1.5101 1.19915829 1.06604809 1.01326797 0.877322743 0.809253725
1.5201 1.2121516 1.07318773 1.01866811 0.881792279 0.813963372
1.5301 1.22549467 1.08060322 1.02425543 0.886275493 0.818657884
1.5401 1.23916413 1.08829704 1.03003506 0.89077745 0.823340786
1.5501 1.25313498 1.09626754 1.03601144 0.895303114 0.828015574
1.5601 1.26738077 1.10451299 1.04218827 0.899857338 0.832685793
1.5701 1.28187389 1.11303044 1.04856853 0.904444853 0.83735468
1.5801 1.29658572 1.12181584 1.05515445 0.909070254 0.84202569
1.5901 1.31148696 1.13086405 1.06194653 0.91373799 0.846702129
1.6001 1.3265478 1.14016888 1.06894732 0.918452351 0.851387241
1.6101 1.34173817 1.14972316 1.07615579 0.923217458 0.856084198
1.6201 1.35702797 1.15951876 1.08357116 0.928037249 0.860795416
1.6301 1.37238731 1.16954669 1.09119184 0.932915475 0.86552528
1.6401 1.38778664 1.17979714 1.0990155 0.93785568 0.870276017
1.6501 1.40319703 1.19025955 1.10703913 0.942861202 0.875050451
1.6601 1.41859029 1.20092268 1.115259 0.947935155 0.879851306
1.6701 1.43393914 1.2117747 1.12367075 0.953080427 0.884681198
1.6801 1.44921736 1.22280327 1.13226936 0.958299669 0.889542626
1.6901 1.46439992 1.23399558 1.14104925 0.963595293 0.894437973
1.7001 1.47946307 1.24533845 1.15000429 0.968969462 0.899369496
1.7101 1.49438447 1.25681842 1.15912783 0.974424089 0.904339323
1.7201 1.50914322 1.2684218 1.16841275 0.979960832 0.909349451
1.7301 1.52371994 1.28013471 1.17785153 0.985581092 0.914401738
1.7401 1.53809681 1.29194324 1.18743623 0.991286015 0.919497902
1.7501 1.5522576 1.30383343 1.19715862 0.997076487 0.92463952
1.7601 1.56618768 1.31579136 1.20701014 1.00295401 0.929828022
1.7701 1.57987399 1.32780322 1.216982 1.00891727 0.935064691
1.7801 1.5933051 1.33985537 1.22706522 1.01496722 0.940350662
1.7901 1.6064711 1.35193437 1.23725064 1.02110374 0.945686922
1.8001 1.61936362 1.36402703 1.24752898 1.02732639 0.951074306
1.8101 1.63197576 1.37612049 1.25789089 1.03363474 0.956513504
1.8201 1.64430206 1.38820223 1.26832696 1.04002789 0.962005054
1.8301 1.65633841 1.40026012 1.2788278 1.04650481 0.96754935
1.8401 1.66808201 1.41228243 1.28938404 1.05306424 0.973146639
1.8501 1.67953132 1.42425792 1.29998637 1.05970474 0.978797026
1.8601 1.69068595 1.43617579 1.31062557 1.06642465 0.984501267
1.8701 1.70154659 1.44802577 1.32129255 1.07322217 0.990257632
1.8801 1.71211497 1.4597981 1.33197839 1.08009529 0.996066586
1.8901 1.72239377 1.47148357 1.34267431 1.08704185 1.0019277
1.9001 1.73238652 1.48307351 1.35337178 1.09405956 1.0078404
1.9101 1.74209756 1.49455982 1.36406244 1.10114598 1.01380403
1.9201 1.75153201 1.50593498 1.37473823 1.10829853 1.01981777
1.9301 1.76069391 1.51719203 1.3853913 1.11551454 1.02588074
1.9401 1.76959289 1.5283246 1.39601412 1.12279121 1.03199192
1.9501 1.77823407 1.5393269 1.40659942 1.13012568 1.0381502
1.9601 1.78662474 1.55019371 1.41714027 1.13751498 1.04435427
1.9701 1.79477261 1.56092038 1.42763003 1.14495609 1.05060307
1.9801 1.80268571 1.57150281 1.43806241 1.15244591 1.0568951
1.9901 1.81037241 1.58193748 1.44843142 1.15998132 1.06322893
2.0001 1.81784132 1.5922214 1.45873144 1.16755914 1.06960304
2.0101 1.82510123 1.6023521 1.4689572 1.17517616 1.07601585
2.0201 1.83216114 1.61232763 1.47910375 1.18282917 1.08246571
2.0301 1.83903015 1.62214655 1.48916653 1.19051494 1.08895095
2.0401 1.84571748 1.6318079 1.49914129 1.19823023 1.09546983
2.0501 1.8522324 1.64131119 1.50902416 1.20597183 1.10202057
2.0601 1.85858424 1.65065636 1.51881163 1.21373652 1.10860135
2.0701 1.86478231 1.65984381 1.5285005 1.22152113 1.11521035
2.0801 1.87083594 1.66887433 1.53808796 1.2293225 1.1218457
2.0901 1.87675443 1.6777491 1.5475715 1.23713752 1.12850552
2.1001 1.88254702 1.68646969 1.55694897 1.24496312 1.13518791
2.1101 1.8882229 1.695038 1.56621854 1.25279628 1.14189097
2.1201 1.89379117 1.70345627 1.57537869 1.26063405 1.1486128
2.1301 1.89926084 1.71172707 1.58442825 1.26847352 1.1553515
2.1401 1.90464084 1.71985322 1.59336631 1.27631185 1.16210516
2.1501 1.90993997 1.72783785 1.60219229 1.28414629 1.16887189
2.1601 1.91516692 1.73568432 1.61090588 1.29197414 1.17564983
2.1701 1.92033023 1.74339622 1.61950706 1.2997928 1.18243712
2.1801 1.92543833 1.75097738 1.62799607 1.30759975 1.18923192
2.1901 1.93049951 1.7584318 1.63637341 1.31539253 1.19603241
2.2001 1.93552188 1.76576367 1.64463982 1.3231688 1.20283682
2.2101 1.94051342 1.77297725 1.65279629 1.33092629 1.2096434
2.2201 1.94548195 1.78007878 1.66084404 1.33866283 1.21645042
2.2301 1.95043511 1.78706953 1.66878447 1.34637634 1.2232562
2.2401 1.95538039 1.79395592 1.67661922 1.35406485 1.2300591
2.2501 1.96032508 1.80074278 1.68435011 1.36172646 1.23685752
2.2601 1.96527631 1.80743501 1.69197913 1.3693594 1.2436499
2.2701 1.970241 1.8140376 1.69950846 1.37696197 1.25043472
2.2801 1.97522589 1.82055556 1.70694042 1.38453258 1.25721051
2.2901 1.98023753 1.82699396 1.71427749 1.39206973 1.26397585
2.3001 1.98528224 1.83335792 1.72152229 1.39957205 1.27072937
2.3101 1.99036617 1.83965253 1.72867754 1.40703822 1.27746976
2.3201 1.9954952 1.84588292 1.73574612 1.41446706 1.28419573
2.3301 2.00067504 1.85205419 1.74273097 1.42185747 1.29090607
2.3401 2.00591114 1.85817145 1.74963516 1.42920844 1.29759963
2.3501 2.01120871 1.86423975 1.75646182 1.43651905 1.30427528
2.3601 2.01657274 1.87026413 1.76321417 1.44378851 1.31093198
2.3701 2.02200796 1.87624957 1.76989549 1.45101608 1.31756871
2.3801 2.02751883 1.88220098 1.77650913 1.45820114 1.32418453
2.3901 2.03310958 1.88812323 1.78305836 1.46534314 1.33077856
2.4001 2.03878414 1.8940211 1.78954682 1.47244163 1.33734994
2.4101 2.04454617 1.89989929 1.79597941 1.47949624 1.3438979
2.4201 2.05039906 1.90576242 1.80235643 1.48650668 1.3504217
2.4301 2.05634591 1.91161499 1.80868299 1.49347276 1.35692067
2.4401 2.06238952 1.91746141 1.81496258 1.50039436 1.36339419
2.4501 2.0685324 1.92330597 1.8211987 1.50727142 1.36984168
2.4601 2.07477674 1.92915286 1.82739481 1.51410397 1.37626262
2.4701 2.08112445 1.93500612 1.83355439 1.52089212 1.38265656
2.4801 2.08757712 1.94086967 1.83968087 1.52763604 1.38902307
2.4901 2.094136 1.9467473 1.84577765 1.53433597 1.39536179
2.5001 2.10080207 1.95264262 1.85184811 1.54099221 1.4016724
2.5101 2.10757597 1.95855915 1.85789555 1.54760514 1.40795463
2.5201 2.11445802 1.96450021 1.86392326 1.55417518 1.41420826
2.5301 2.12144823 1.97046898 1.86993444 1.56070281 1.42043311
2.5401 2.1285463 1.97646847 1.87593226 1.56718857 1.42662906
2.5501 2.13575162 1.98250153 1.88191978 1.57363307 1.432796
2.5601 2.14306325 1.98857085 1.88790002 1.58003693 1.4389339
2.5701 2.15047997 1.99467893 1.89387592 1.58640085 1.44504276
2.5801 2.15800025 2.0008281 1.89985031 1.59272556 1.4511226
2.5901 2.16562227 2.00702051 1.90582597 1.59901183 1.45717351
2.6001 2.17334391 2.01325814 1.91180556 1.60526048 1.46319559
2.6101 2.1811628 2.01954277 1.91779166 1.61147235 1.469189
2.6201 2.18907628 2.02587601 1.92378673 1.61764833 1.47515392
2.6301 2.19708144 2.03225929 1.92979316 1.62378933 1.48109056
2.6401 2.20517511 2.03869384 1.93581321 1.62989629 1.48699917
2.6501 2.21335389 2.04518072 1.94184903 1.63597032 1.49288003
2.6601 2.22161418 2.0517208 1.94790266 1.64201212 1.49873345
2.6701 2.22995212 2.05831477 1.95397605 1.64802286 1.50455977
2.6801 2.2383637 2.06496313 1.960071 1.65400355 1.51035935
2.6901 2.2468447 2.07166622 1.9661892 1.65995525 1.51613273
2.7001 2.25539073 2.07842418 1.97233225 1.66587901 1.52188002
2.7101 2.26399726 2.08523698 1.97850158 1.6717759 1.5276018
2.7201 2.27265963 2.09210444 1.98469854 1.677647 1.53329853
2.7301 2.28137302 2.09902618 1.99092433 1.68349201 1.53897068
2.7401 2.29013254 2.10600168 1.99718005 1.68931481 1.54461875
2.7501 2.2989332 2.11303025 2.00346665 1.69511509 1.55024325
2.7601 2.30776993 2.12011103 2.00978499 1.70089393 1.5558447
2.7701 2.31663759 2.12724303 2.01613578 1.70665242 1.56142365
2.7801 2.32553103 2.13442511 2.02251961 1.71239164 1.56698064
2.7901 2.33444504 2.14165598 2.02893697 1.71811268 1.57251624
2.8001 2.34337441 2.14893422 2.03538822 1.72381661 1.57803102
2.8101 2.35231393 2.15625829 2.04187358 1.72950448 1.58352557
2.8201 2.36125841 2.16362651 2.04839319 1.73517735 1.58899921
2.8301 2.37020269 2.17103709 2.05494704 1.74083624 1.59445509
2.8401 2.37914166 2.17848813 2.06153505 1.74648219 1.59989254
2.8501 2.38807024 2.18597763 2.06815698 1.75211619 1.60531215
2.8601 2.39698347 2.1935035 2.07481252 1.75773923 1.61071454
2.8701 2.40587641 2.20106353 2.08150125 1.76335227 1.61610032
2.8801 2.41474426 2.20865547 2.08822262 1.76895627 1.6214701
2.8901 2.4235823 2.21627695 2.09497602 1.77455215 1.62682451
2.9001 2.43238592 2.22392557 2.10176073 1.78014079 1.63216414
2.9101 2.44115065 2.23159884 2.10857592 1.78572309 1.63748961
2.9201 2.44987212 2.23929422 2.1154207 1.79129988 1.64280153
2.9301 2.45854611 2.24700914 2.12229408 1.796872 1.6481005
2.9401 2.46716855 2.25474096 2.12919499 1.80244023 1.65338711
2.9501 2.47573551 2.26248703 2.13612229 1.80800534 1.65866196
2.9601 2.48424321 2.27024466 2.14307475 1.81356807 1.66392563
2.9701 2.49268803 2.27801114 2.1500511 1.81912912 1.6691787
2.9801 2.50106651 2.28578374 2.15704999 1.82468916 1.67442173
2.9901 2.50937535 2.29355972 2.16406999 1.83024885 1.67965529
3.0001 2.51761142 2.30133635 2.17110965 1.83580879 1.68487992
3.0101 2.52577176 2.3091109 2.17816743 1.84136956 1.69009615
3.0201 2.53385358 2.31688063 2.18524179 1.84693171 1.69530452
3.0301 2.54185425 2.32464284 2.1923311 1.85249574 1.70050554
3.0401 2.5497713 2.33239483 2.1994337 1.85806214 1.70569971
3.0501 2.55760246 2.34013392 2.20654792 1.86363135 1.71088752
3.0601 2.56534559 2.34785749 2.21367203 1.86920378 1.71606944
3.0701 2.57299873 2.35556291 2.22080429 1.87477981 1.72124594
3.0801 2.58056009 2.36324762 2.22794293 1.88035977 1.72641745
3.0901 2.58802803 2.3709091 2.23508615 1.88594399 1.73158441
3.1001 2.59540106 2.37854485 2.24223215 1.89153272 1.73674723
3.1101 2.60267785 2.38615245 2.24937912 1.89712621 1.74190631
3.1201 2.60985724 2.39372951 2.25652522 1.90272467 1.74706203
3.1301 2.61693818 2.4012737 2.26366862 1.90832826 1.75221476
3.1401 2.62391979 2.40878276 2.27080749 1.91393714 1.75736484
3.1501 2.63080131 2.41625448 2.27793999 1.91955141 1.76251261
3.1601 2.63758213 2.42368672 2.28506431 1.92517113 1.76765838
3.1701 2.64426174 2.43107739 2.29217862 1.93079636 1.77280244
3.1801 2.6508398 2.43842448 2.29928112 1.9364271 1.77794508
3.1901 2.65731603 2.44572605 2.30637 1.94206335 1.78308655
3.2001 2.66369033 2.45298022 2.31344349 1.94770504 1.7882271
3.2101 2.66996265 2.4601852 2.32049984 1.95335209 1.79336695
3.2201 2.67613308 2.46733925 2.32753731 1.95900441 1.7985063
3.2301 2.68220179 2.47444072 2.33455419 1.96466186 1.80364536
3.2401 2.68816907 2.48148801 2.34154878 1.97032426 1.80878428
3.2501 2.69403527 2.48847963 2.34851943 1.97599144 1.81392322
3.2601 2.69980084 2.49541413 2.35546451 1.98166317 1.81906231
3.2701 2.70546631 2.50229016 2.36238244 1.98733922 1.82420168
3.2801 2.71103228 2.50910642 2.36927163 1.99301931 1.82934141
3.2901 2.71649943 2.5158617 2.37613058 1.99870316 1.8344816
3.3001 2.72186848 2.52255486 2.38295778 2.00439046 1.8396223
3.3101 2.72714025 2.52918484 2.3897518 2.01008087 1.84476357
3.3201 2.73231559 2.53575064 2.3965112 2.01577404 1.84990543
3.3301 2.73739542 2.54225133 2.40323463 2.02146959 1.8550479
3.3401 2.74238068 2.54868607 2.40992075 2.02716714 1.86019097
3.3501 2.74727238 2.55505405 2.41656827 2.03286626 1.86533462
3.3601 2.75207158 2.56135458 2.42317595 2.03856653 1.87047883
3.3701 2.75677935 2.56758699 2.42974259 2.0442675 1.87562353
3.3801 2.7613968 2.57375072 2.43626702 2.04996872 1.88076867
3.3901 2.76592509 2.57984522 2.44274814 2.05566971 1.88591416
3.4001 2.77036539 2.58587005 2.44918487 2.06136997 1.89105991
3.4101 2.7747189 2.59182482 2.45557618 2.06706901 1.8962058
3.4201 2.77898684 2.59770918 2.46192112 2.07276632 1.90135172
3.4301 2.78317044 2.60352285 2.46821872 2.07846137 1.90649753
3.4401 2.78727359 2.60926562 2.47446812 2.08415362 1.91164307
3.4501 2.79129218 2.61493732 2.48066847 2.08984253 1.91678819
3.4601 2.79523023 2.62053783 2.48681896 2.09552756 1.9219327
3.4701 2.79908903 2.62606708 2.49291885 2.10120814 1.92707643
3.4801 2.80286987 2.63152508 2.49896743 2.1068837 1.93221917
3.4901 2.80657405 2.63691184 2.50496402 2.11255369 1.93736071
3.5001 2.81020287 2.64222744 2.51090802 2.11821751 1.94250084
3.5101 2.81375761 2.64747202 2.51679883 2.12387459 1.94763932
3.5201 2.81723959 2.65264574 2.52263592 2.12952436 1.95277591
3.5301 2.82065008 2.6577488 2.52841881 2.13516621 1.95791037
3.5401 2.82399038 2.66278145 2.53414703 2.14079957 1.96304243
3.5501 2.82726178 2.66774397 2.53982017 2.14642385 1.96817183
3.5601 2.83046555 2.67263668 2.54543786 2.15203845 1.97329829
3.5701 2.83360295 2.67745993 2.55099977 2.1576428 1.97842154
3.5801 2.83667525 2.6822141 2.55650559 2.16323629 1.98354128
3.5901 2.83968369 2.68689961 2.56195508 2.16881836 1.98865722
3.6001 2.84262952 2.69151689 2.567348 2.17438841 1.99376905
3.6101 2.84551395 2.69606643 2.57268418 2.17994586 1.99887647
3.6201 2.84833819 2.7005487 2.57796345 2.18549015 2.00397916
3.6301 2.85110346 2.70496424 2.58318571 2.19102068 2.0090768
3.6401 2.85381092 2.70931358 2.58835086 2.19653691 2.01416908
3.6501 2.85646176 2.71359728 2.59345886 2.20203826 2.01925567
3.6601 2.85905712 2.71781593 2.59850968 2.20752418 2.02433623
3.6701 2.86159814 2.72197012 2.60350333 2.21299411 2.02941043
3.6801 2.86408595 2.72606047 2.60843984 2.21844751 2.03447794
3.6901 2.86652165 2.73008761 2.61331929 2.22388385 2.03953841
3.7001 2.86890633 2.73405219 2.61814176 2.2293026 2.0445915
3.7101 2.87124107 2.73795488 2.62290737 2.23470322 2.04963688
3.7201 2.87352692 2.74179633 2.62761627 2.24008522 2.05467419
3.7301 2.87576492 2.74557723 2.63226862 2.24544807 2.0597031
3.7401 2.87795609 2.74929828 2.63686462 2.25079129 2.06472324
3.7501 2.88010143 2.75296017 2.64140447 2.25611439 2.06973429
3.7601 2.88220193 2.75656361 2.64588842 2.26141689 2.07473589
3.7701 2.88425856 2.76010932 2.65031671 2.26669833 2.07972769
3.7801 2.88627227 2.76359802 2.65468963 2.27195823 2.08470936
3.7901 2.888244 2.76703042 2.65900747 2.27719616 2.08968054
3.8001 2.89017465 2.77040727 2.66327053 2.28241167 2.09464089
3.8101 2.89206513 2.77372928 2.66747915 2.28760435 2.09959007
3.8201 2.89391631 2.7769972 2.67163367 2.29277376 2.10452774
3.8301 2.89572907 2.78021176 2.67573445 2.29791951 2.10945356
3.8401 2.89750425 2.78337376 2.67978186 2.3030412 2.11436721
3.8501 2.89924267 2.78648117 2.68377629 2.30813845 2.11926833
3.8601 2.90094516 2.7895402 2.68771815 2.31321088 2.12415661
3.8701 2.9026125 2.7925488 2.69160784 2.31825814 2.12903172
3.8801 2.90424549 2.79550771 2.69544578 2.32327987 2.13389333
3.8901 2.90584487 2.79841767 2.69923241 2.32827573 2.13874112
3.9001 2.90741141 2.8012794 2.70296818 2.3332454 2.14357479
3.9101 2.90894583 2.80409363 2.70665354 2.33818857 2.148394
3.9201 2.91044884 2.80686109 2.71028894 2.34310492 2.15319847
3.9301 2.91192116 2.80958248 2.71387486 2.34799417 2.15798787
3.9401 2.91336346 2.81225852 2.71741177 2.35285603 2.16276192
3.9501 2.91477642 2.81488993 2.72090015 2.35769024 2.16752032
3.9601 2.91616068 2.8174774 2.7243405 2.36249653 2.17226277
3.9701 2.91751691 2.82002163 2.7277333 2.36727467 2.176989
3.9801 2.91884571 2.82252332 2.73107906 2.37202441 2.18169872
3.9901 2.92014771 2.82498315 2.73437828 2.37674554 2.18639166
4.0001 2.92142351 2.8274018 2.73763146 2.38143784 2.19106754
4.0101 2.92267369 2.82977994 2.74083912 2.3861011 2.19572611
4.0201 2.92389882 2.83211824 2.74400176 2.39073514 2.2003671
4.0301 2.92509946 2.83441737 2.7471199 2.39533978 2.20499027
4.0401 2.92627617 2.83667796 2.75019405 2.39991485 2.20959536
4.0501 2.92742948 2.83890067 2.75322474 2.4044602 2.21418213
4.0601 2.92855991 2.84108613 2.75621248 2.40897567 2.21875034
4.0701 2.92966797 2.84323498 2.7591578 2.41346112 2.22329977
4.0801 2.93075416 2.84534784 2.7620612 2.41791644 2.22783019
4.0901 2.93181896 2.84742531 2.76492322 2.42234151 2.23234139
4.1001 2.93286287 2.84946801 2.76774436 2.42673622 2.23683314
4.1101 2.93388633 2.85147654 2.77052515 2.43110047 2.24130525
4.1201 2.9348898 2.85345149 2.77326611 2.43543417 2.24575752
4.1301 2.93587373 2.85539343 2.77596775 2.43973726 2.25018974
4.1401 2.93683856 2.85730295 2.77863057 2.44400966 2.25460174
4.1501 2.9377847 2.85918061 2.78125511 2.44825132 2.25899333
4.1601 2.93871256 2.86102696 2.78384185 2.45246219 2.26336434
4.1701 2.93962256 2.86284256 2.78639132 2.45664222 2.26771459
4.1801 2.94051509 2.86462796 2.78890409 2.46079139 2.27204392
4.1901 2.94139052 2.86638368 2.7913779 2.46490967 2.27635218
4.2001 2.94224925 2.86811024 2.79381865 2.46899705 2.28063921
4.2101 2.94309163 2.86980818 2.79622411 2.47305352 2.28490488
4.2201 2.94391803 2.87147799 2.79859478 2.47707909 2.28914903
4.2301 2.94472879 2.87312018 2.80093116 2.48107377 2.29337155
4.2401 2.94552425 2.87473524 2.80323371 2.48503756 2.29757229
4.2501 2.94630476 2.87632365 2.80550293 2.48897051 2.30175115
4.2601 2.94707063 2.8778859 2.80773928 2.49287264 2.305908
4.2701 2.94782219 2.87942246 2.80994325 2.49674398 2.31004274
4.2801 2.94855974 2.88093378 2.8121153 2.5005846 2.31415526
4.2901 2.9492836 2.88242032 2.81425589 2.50439453 2.31824546
4.3001 2.94999405 2.88388253 2.81636549 2.50817385 2.32231327
4.3101 2.95069138 2.88532084 2.81844455 2.51192261 2.32635858
4.3201 2.95137588 2.88673569 2.82049351 2.51564089 2.33038132
4.3301 2.95204783 2.88812751 2.82251283 2.51932877 2.33438141
4.3401 2.95270749 2.8894967 2.82450294 2.52298633 2.33835879
4.3501 2.95335513 2.89084368 2.82646429 2.52661366 2.34231339
4.3601 2.953991 2.89216884 2.8283973 2.53021086 2.34624515
4.3701 2.95461536 2.8934726 2.83030239 2.53377803 2.35015402
4.3801 2.95522844 2.89475532 2.83218 2.53731528 2.35403996
4.3901 2.9558305 2.8960174 2.83403053 2.5408227 2.35790291
4.4001 2.95642176 2.89725921 2.83585439 2.54430044 2.36174284
4.4101 2.95700246 2.89848112 2.837652 2.54774859 2.36555972
4.4201 2.9575728 2.89968348 2.83942376 2.55116729 2.36935353
4.4301 2.95813302 2.90086666 2.84117005 2.55455666 2.37312423
4.4401 2.95868333 2.90203099 2.84289127 2.55791685 2.37687181
4.4501 2.95922393 2.90317683 2.84458782 2.56124798 2.38059625
4.4601 2.95975502 2.90430451 2.84626006 2.5645502 2.38429756
4.4701 2.96027681 2.90541435 2.84790837 2.56782365 2.38797571
4.4801 2.96078949 2.90650668 2.84953313 2.57106848 2.39163072
4.4901 2.96129325 2.90758181 2.8511347 2.57428484 2.39526259
4.5001 2.96178826 2.90864007 2.85271344 2.57747289 2.39887132
4.5101 2.96227472 2.90968174 2.8542697 2.58063278 2.40245693
4.5201 2.9627528 2.91070714 2.85580385 2.58376468 2.40601944
4.5301 2.96322267 2.91171656 2.85731622 2.58686874 2.40955887
4.5401 2.9636845 2.91271028 2.85880715 2.58994514 2.41307523
4.5501 2.96413845 2.9136886 2.86027698 2.59299404 2.41656857
4.5601 2.96458468 2.91465177 2.86172604 2.59601562 2.4200389
4.5701 2.96502336 2.91560009 2.86315466 2.59901004 2.42348628
4.5801 2.96545463 2.91653381 2.86456316 2.60197749 2.42691073
4.5901 2.96587865 2.9174532 2.86595186 2.60491813 2.43031231
4.6001 2.96629556 2.91835852 2.86732106 2.60783216 2.43369105
4.6101 2.9667055 2.91925002 2.86867108 2.61071974 2.43704701
4.6201 2.96710862 2.92012794 2.87000221 2.61358107 2.44038023
4.6301 2.96750504 2.92099253 2.87131476 2.61641632 2.44369079
4.6401 2.96789492 2.92184403 2.87260902 2.61922568 2.44697872
4.6501 2.96827836 2.92268267 2.87388528 2.62200921 2.45024411
4.6601 2.96865551 2.92350868 2.87514382 2.62476736 2.453487
4.6701 2.96902649 2.92432229 2.87638492 2.62750018 2.45670747
4.6801 2.96939142 2.92512371 2.87760886 2.63020787 2.4599056
4.6901 2.96975041 2.92591316 2.87881592 2.63289297 2.46308144
4.7001 2.97010359 2.92669086 2.88000635 2.6355509 2.46623508
4.7101 2.97045107 2.92745701 2.88118041 2.63818427 2.4693666
4.7201 2.97079297 2.92821182 2.88233838 2.64079327 2.47247608
4.7301 2.97112938 2.92895549 2.8834805 2.6433781 2.47556359
4.7401 2.97146041 2.9296882 2.88460703 2.64593896 2.47862923
4.7501 2.97178618 2.93041017 2.8857182 2.64847603 2.48167308
4.7601 2.97210678 2.93112157 2.88681427 2.65098951 2.48469523
4.7701 2.97242232 2.93182259 2.88789547 2.65347959 2.48769577
4.7801 2.97273288 2.93251341 2.88896204 2.65594648 2.49067479
4.7901 2.97303856 2.93319421 2.89001421 2.65839036 2.4936324
4.8001 2.97333947 2.93386516 2.8910522 2.66081143 2.49656868
4.8101 2.97363568 2.93452645 2.89207624 2.66320989 2.49948373
4.8201 2.9739273 2.93517822 2.89308655 2.66558592 2.50237766
4.8301 2.97421439 2.93582066 2.89408334 2.66793973 2.50525057
4.8401 2.97449706 2.93645392 2.89506683 2.67027152 2.50810255
4.8501 2.97477539 2.93707815 2.89603723 2.67258146 2.51093372
4.8601 2.97504945 2.93769352 2.89699474 2.67486976 2.51374418
4.8701 2.97531933 2.93830019 2.89793957 2.67713661 2.51653404
4.8801 2.97558215 2.93889828 2.89887191 2.67938221 2.51930341
4.8901 2.97584396 2.93948797 2.89979196 2.68160674 2.52205239
4.9001 2.97610182 2.94006938 2.90069991 2.6838104 2.5247811
4.9101 2.97635579 2.94064266 2.90159595 2.68599337 2.52748965
4.9201 2.97660595 2.94120796 2.90248027 2.68815586 2.53017815
4.9301 2.97685238 2.94176539 2.90335306 2.69029804 2.53284672
4.9401 2.97709513 2.94231511 2.90421448 2.69242012 2.53549547
4.9501 2.97733427 2.94285723 2.90506472 2.69452227 2.53812452
4.9601 2.97756988 2.94339189 2.90590396 2.69660468 2.54073399
4.9701 2.97780201 2.94391922 2.90673235 2.69866754 2.54332398
4.9801 2.97803073 2.94443933 2.90755008 2.70071104 2.54589463
4.9901 2.9782561 2.94495235 2.90835731 2.70273536 2.54844605
5.0001 2.97847819 2.94545839 2.90915419 2.70474068 2.55097836
5.0101 2.97869704 2.94595757 2.9099409 2.7067272 2.55349167
5.0201 2.97891273 2.94645285 2.91071758 2.70869508 2.55598611
5.0301 2.9791253 2.9469386 2.91148439 2.71064451 2.55846181
5.0401 2.97933481 2.94741783 2.91224149 2.71257567 2.56091888
5.0501 2.97954131 2.94789065 2.91298902 2.71448874 2.56335744
5.0601 2.97974487 2.94835717 2.91372712 2.7163839 2.56577761
5.0701 2.97994552 2.94881749 2.91445596 2.71826132 2.56817938
5.0801 2.98014333 2.94927171 2.91517566 2.72012118 2.57056316
5.0901 2.98033834 2.94971993 2.91588636 2.72196366 2.57292892
5.1001 2.98053061 2.95016226 2.91658821 2.72378892 2.57527679
5.1101 2.98072017 2.95059878 2.91728133 2.72559713 2.5776069
5.1201 2.98090708 2.9510296 2.91796587 2.72738848 2.57991935
5.1301 2.98109138 2.9514548 2.91864195 2.72916312 2.58221655
5.1401 2.98127312 2.95187448 2.9193097 2.73092123 2.58449404
5.1501 2.98145235 2.95228872 2.91996924 2.73266298 2.58675426
5.1601 2.9816291 2.95269762 2.92062071 2.73438852 2.58899732
5.1701 2.98180342 2.95310125 2.92126421 2.73609802 2.59122336
5.1801 2.98197535 2.95349971 2.92189988 2.73779166 2.5934325
5.1901 2.98214494 2.95389308 2.92252783 2.73946958 2.59562485
5.2001 2.98231221 2.95428144 2.92314817 2.74113195 2.59780054
5.2101 2.98247722 2.95466487 2.92376102 2.74277892 2.59995971
5.2201 2.98263999 2.95504344 2.9243665 2.74441067 2.60210246
5.2301 2.98280058 2.95541724 2.9249647 2.74602733 2.60422892
5.2401 2.982959 2.95578634 2.92555575 2.74762908 2.60633921
5.2501 2.98311531 2.95615082 2.92613974 2.74921605 2.60843347
5.2601 2.98326954 2.95651074 2.92671679 2.75078842 2.61051179
5.2701 2.98342171 2.95686618 2.92728699 2.75234631 2.61257432
5.2801 2.98357187 2.95721722 2.92785044 2.7538899 2.61462117
5.2901 2.98372005 2.95756391 2.92840725 2.75541932 2.61665246
5.3001 2.98386629 2.95790633 2.92895751 2.75693472 2.61866832
5.3101 2.9840106 2.95824454 2.92950132 2.75843625 2.62066885
5.3201 2.98415303 2.95857861 2.93003878 2.75992405 2.62265419
5.3301 2.98429361 2.95890861 2.93056997 2.76139827 2.62462445
5.3401 2.98443237 2.95923459 2.93109499 2.76285905 2.62657974
5.3501 2.98456933 2.95955661 2.93161394 2.76430653 2.6285202
5.3601 2.98470453 2.95987475 2.93212689 2.76574085 2.63044593
5.3701 2.984838 2.96018906 2.93263393 2.76716215 2.63235706
5.3801 2.98496976 2.96049959 2.93313515 2.76857056 2.6342537
5.3901 2.98509984 2.96080641 2.93363064 2.76996621 2.63613597
5.4001 2.98522827 2.96110958 2.93412048 2.77134926 2.63800398
5.4101 2.98535507 2.96140913 2.93460474 2.77271981 2.63985784
5.4201 2.98548027 2.96170515 2.93508352 2.77407802 2.64169769
5.4301 2.98560391 2.96199766 2.93555688 2.775424 2.64352362
5.4401 2.98572599 2.96228674 2.93602491 2.7767579 2.64533575
5.4501 2.98584655 2.96257243 2.93648768 2.77807982 2.6471342
5.4601 2.98596561 2.96285477 2.93694526 2.77938991 2.64891907
5.4701 2.98608319 2.96313383 2.93739774 2.78068829 2.65069048
5.4801 2.98619933 2.96340966 2.93784518 2.78197507 2.65244855
5.4901 2.98631403 2.96368229 2.93828766 2.78325039 2.65419337
5.5001 2.98642733 2.96395177 2.93872524 2.78451436 2.65592507
5.5101 2.98653925 2.96421816 2.939158 2.78576711 2.65764375
5.5201 2.9866498 2.9644815 2.93958599 2.78700875 2.65934951
5.5301 2.98675901 2.96474184 2.9400093 2.7882394 2.66104248
5.5401 2.9868669 2.96499921 2.94042798 2.78945918 2.66272275
5.5501 2.98697349 2.96525366 2.94084211 2.7906682 2.66439043
5.5601 2.9870788 2.96550524 2.94125173 2.79186658 2.66604563
5.5701 2.98718285 2.96575399 2.94165692 2.79305443 2.66768845
5.5801 2.98728566 2.96599994 2.94205774 2.79423186 2.669319
5.5901 2.98738725 2.96624315 2.94245425 2.79539898 2.67093739
5.6001 2.98748764 2.96648364 2.94284651 2.7965559 2.67254371
5.6101 2.98758685 2.96672147 2.94323458 2.79770273 2.67413807
5.6201 2.98768489 2.96695665 2.94361849 2.79883958 2.67572056
5.6301 2.98778178 2.96718925 2.94400121 2.79996655 2.67729131
5.6401 2.98787754 2.96741929 2.94437699 2.80108374 2.67885039
5.6501 2.98797219 2.9676468 2.9447488 2.80219127 2.68039792
5.6601 2.98806575 2.96787184 2.9451167 2.80328923 2.68193398
5.6701 2.98815822 2.96809442 2.94548075 2.80437772 2.68345869
5.6801 2.98824964 2.96831459 2.94584099 2.80545685 2.68497214
5.6901 2.98834 2.96853238 2.94619747 2.80652671 2.68647442
5.7001 2.98842934 2.96874782 2.94655026 2.8075874 2.68796563
5.7101 2.98851766 2.96896095 2.94689939 2.80863902 2.68944587
5.7201 2.98860498 2.96917181 2.94724492 2.80968166 2.69091524
5.7301 2.98869131 2.96938041 2.9475869 2.81071543 2.69237382
5.7401 2.98877668 2.9695868 2.94792537 2.8117404 2.69382171
5.7501 2.98886109 2.969791 2.94826038 2.81275669 2.695259
5.7601 2.98894456 2.96999306 2.94859198 2.81376437 2.69668579
5.7701 2.9890271 2.97019298 2.94892021 2.81476354 2.69810216
5.7801 2.98910873 2.97039082 2.94924512 2.81575428 2.69950821
5.7901 2.98918946 2.97058658 2.94956676 2.8167367 2.70090403
5.8001 2.9892693 2.97078032 2.94988515 2.81771087 2.70228971
5.8101 2.98934827 2.97097204 2.95020036 2.81867688 2.70366533
5.8201 2.98942638 2.97116178 2.95051242 2.81963482 2.70503098
5.8301 2.98950365 2.97134958 2.95082137 2.82058477 2.70638675
5.8401 2.98958008 2.97153544 2.95112726 2.82152682 2.70773273
5.8501 2.98965569 2.97171941 2.95143012 2.82246105 2.70906901
5.8601 2.98973048 2.97190151 2.95173 2.82338753 2.71039566
5.8701 2.98980448 2.97208176 2.95202693 2.82430637 2.71171277
5.8801 2.9898777 2.97226018 2.95232095 2.82521762 2.71302043
5.8901 2.98995014 2.97243682 2.9526121 2.82612138 2.71431871
5.9001 2.99002181 2.97261167 2.95290042 2.82701772 2.71560771
5.9101 2.99009274 2.97278479 2.95318595 2.82790672 2.7168875
5.9201 2.99016292 2.97295617 2.95346872 2.82878845 2.71815816
5.9301 2.99023238 2.97312586 2.95374876 2.829663 2.71941978
5.9401 2.99030111 2.97329387 2.95402612 2.83053043 2.72067243
5.9501 2.99036914 2.97346023 2.95430082 2.83139083 2.7219162
5.9601 2.99043647 2.97362495 2.95457291 2.83224425 2.72315115
5.9701 2.99050312 2.97378807 2.95484241 2.83309079 2.72437738
5.9801 2.99056909 2.9739496 2.95510936 2.8339305 2.72559495
5.9901 2.99063439 2.97410956 2.95537379 2.83476347 2.72680394
6.0001 2.99069903 2.97426797 2.95563574 2.83558975 2.72800443
6.0101 2.99076303 2.97442486 2.95589523 2.83640942 2.72919649
6.0201 2.99082638 2.97458025 2.9561523 2.83722255 2.73038019
6.0301 2.99088912 2.97473416 2.95640698 2.83802921 2.73155562
6.0401 2.99095123 2.9748866 2.9566593 2.83882946 2.73272284
6.0501 2.99101273 2.97503759 2.95690929 2.83962337 2.73388193
6.0601 2.99107363 2.97518717 2.95715697 2.840411 2.73503296
6.0701 2.99113395 2.97533534 2.95740239 2.84119243 2.73617599
6.0801 2.99119368 2.97548212 2.95764556 2.8419677 2.73731111
6.0901 2.99125283 2.97562753 2.95788652 2.8427369 2.73843837
6.1001 2.99131143 2.9757716 2.9581253 2.84350014 2.73955785
6.1101 2.99136946 2.97591433 2.95836191 2.84425736 2.74066962
6.1201 2.99142695 2.97605575 2.9585964 2.84500598 2.74177375
6.1301 2.9914839 2.97619588 2.95882878 2.84575152 2.7428703
6.1401 2.99154032 2.97633473 2.95905909 2.84649127 2.74395934
6.1501 2.99159621 2.97647231 2.95928734 2.84722531 2.74504094
6.1601 2.99165159 2.97660866 2.95951357 2.8479537 2.74611516
6.1701 2.99170647 2.97674377 2.9597378 2.84867648 2.74718206
6.1801 2.99176084 2.97687768 2.95996006 2.84939372 2.74824172
6.1901 2.99181473 2.97701039 2.96018037 2.85010547 2.7492942
6.2001 2.99186813 2.97714192 2.96039876 2.8508118 2.75033955
6.2101 2.99192105 2.97727229 2.96061524 2.85151275 2.75137785
6.2201 2.99197351 2.97740151 2.96082985 2.85220838 2.75240915
6.2301 2.99202551 2.9775296 2.96104261 2.85289875 2.75343352
6.2401 2.99207705 2.97765658 2.96125354 2.8535839 2.75445102
6.2501 2.99212815 2.97778246 2.96146266 2.8542639 2.75546171
6.2601 2.99217881 2.97790725 2.96167 2.8549388 2.75646564
6.2701 2.99222903 2.97803096 2.96187558 2.85560864 2.75746289
6.2801 2.99227884 2.97815363 2.96207942 2.85627348 2.7584535
6.2901 2.99232822 2.97827524 2.96228155 2.85693337 2.75943754
6.3001 2.9923772 2.97839584 2.96248198 2.85758836 2.76041506
6.3101 2.99242577 2.97851541 2.96268073 2.8582385 2.76138613
6.3201 2.99247395 2.97863399 2.96287784 2.85888384 2.76235079
6.3301 2.99252174 2.97875158 2.96307332 2.85952443 2.76330911
6.3401 2.99256914 2.9788682 2.96326718 2.86016031 2.76426114
6.3501 2.99261617 2.97898386 2.96345946 2.86079154 2.76520694
6.3601 2.99266283 2.97909858 2.96365016 2.86141816 2.76614656
6.3701 2.99270912 2.97921236 2.96383932 2.86204022 2.76708006
6.3801 2.99275506 2.97932522 2.96402694 2.86265777 2.76800749
6.3901 2.99280065 2.97943718 2.96421306 2.86327084 2.7689289
6.4001 2.9928459 2.97954824 2.96439768 2.86387949 2.76984435
6.4101 2.99289081 2.97965842 2.96458083 2.86448377 2.77075389
6.4201 2.99293539 2.97976773 2.96476253 2.8650837 2.77165758
6.4301 2.99297965 2.97987619 2.9649428 2.86567935 2.77255545
6.4401 2.99302358 2.9799838 2.96512165 2.86627075 2.77344758
6.4501 2.99306721 2.98009058 2.9652991 2.86685795 2.774334
6.4601 2.99311053 2.98019654 2.96547517 2.86744098 2.77521476
6.4701 2.99315355 2.9803017 2.96564988 2.86801989 2.77608993
6.4801 2.99319628 2.98040605 2.96582324 2.86859473 2.77695954
6.4901 2.99323873 2.98050962 2.96599528 2.86916553 2.77782365
6.5001 2.99328089 2.98061242 2.96616601 2.86973234 2.7786823
6.5101 2.99332278 2.98071446 2.96633544 2.87029519 2.77953554
6.5201 2.9933644 2.98081575 2.96650361 2.87085413 2.78038342
6.5301 2.99340576 2.9809163 2.96667051 2.87140919 2.781226
6.5401 2.99344686 2.98101612 2.96683617 2.87196041 2.7820633
6.5501 2.99348771 2.98111523 2.96700061 2.87250784 2.78289539
6.5601 2.99352832 2.98121363 2.96716383 2.87305151 2.78372231
6.5701 2.99356869 2.98131133 2.96732587 2.87359147 2.7845441
6.5801 2.99360882 2.98140836 2.96748673 2.87412774 2.78536081
6.5901 2.99364874 2.98150471 2.96764643 2.87466036 2.78617248
6.6001 2.99368843 2.9816004 2.96780498 2.87518938 2.78697916
6.6101 2.9937279 2.98169544 2.96796241 2.87571483 2.7877809
6.6201 2.99376717 2.98178984 2.96811872 2.87623674 2.78857773
6.6301 2.99380624 2.98188361 2.96827393 2.87675516 2.78936971
6.6401 2.99384511 2.98197676 2.96842806 2.87727011 2.79015686
6.6501 2.99388379 2.9820693 2.96858112 2.87778164 2.79093925
6.6601 2.99392228 2.98216124 2.96873313 2.87828977 2.7917169
6.6701 2.9939606 2.9822526 2.9688841 2.87879455 2.79248987
6.6801 2.99399874 2.98234337 2.96903405 2.879296 2.79325819
6.6901 2.99403672 2.98243358 2.96918299 2.87979417 2.79402191
6.7001 2.99407454 2.98252323 2.96933094 2.88028908 2.79478106
6.7101 2.9941122 2.98261234 2.9694779 2.88078077 2.79553569
6.7201 2.99414971 2.9827009 2.9696239 2.88126928 2.79628584
6.7301 2.99418708 2.98278894 2.96976895 2.88175462 2.79703154
6.7401 2.99422431 2.98287647 2.96991307 2.88223685 2.79777285
6.7501 2.99426142 2.98296348 2.97005626 2.88271599 2.79850979
6.7601 2.99429839 2.98305 2.97019855 2.88319207 2.7992424
6.7701 2.99433525 2.98313603 2.97033994 2.88366512 2.79997074
6.7801 2.994372 2.98322158 2.97048044 2.88413518 2.80069483
6.7901 2.99440864 2.98330666 2.97062009 2.88460228 2.80141471
6.8001 2.99444518 2.98339129 2.97075887 2.88506644 2.80213042
6.8101 2.99448162 2.98347546 2.97089682 2.88552771 2.802842
6.8201 2.99451798 2.9835592 2.97103395 2.8859861 2.80354948
6.8301 2.99455425 2.98364251 2.97117026 2.88644165 2.80425291
6.8401 2.99459045 2.9837254 2.97130577 2.8868944 2.80495232
6.8501 2.99462658 2.98380788 2.9714405 2.88734436 2.80564774
6.8601 2.99466265 2.98388996 2.97157445 2.88779157 2.80633922
6.8701 2.99469865 2.98397164 2.97170764 2.88823607 2.80702679
6.8801 2.99473461 2.98405295 2.97184009 2.88867787 2.80771048
6.8901 2.99477052 2.98413389 2.97197181 2.889117 2.80839034
6.9001 2.9948064 2.98421447 2.9721028 2.88955351 2.80906639
6.9101 2.99484224 2.98429469 2.97223309 2.88998741 2.80973867
6.9201 2.99487806 2.98437457 2.97236269 2.89041873 2.81040722
6.9301 2.99491386 2.98445412 2.9724916 2.8908475 2.81107207
6.9401 2.99494965 2.98453334 2.97261985 2.89127375 2.81173325
6.9501 2.99498543 2.98461226 2.97274744 2.8916975 2.81239081
6.9601 2.99502121 2.98469087 2.97287438 2.8921188 2.81304476
6.9701 2.995057 2.98476918 2.9730007 2.89253765 2.81369516
6.9801 2.9950928 2.98484721 2.97312641 2.89295409 2.81434202
6.9901 2.99512863 2.98492497 2.97325151 2.89336815 2.81498539
7.0001 2.99516448 2.98500246 2.97337601 2.89377985 2.8156253
7.0101 2.99520037 2.98507969 2.97349994 2.89418921 2.81626177
7.0201 2.9952363 2.98515668 2.97362331 2.89459628 2.81689485
7.0301 2.99527228 2.98523343 2.97374612 2.89500107 2.81752456
7.0401 2.99530831 2.98530996 2.97386839 2.8954036 2.81815094
7.0501 2.99534441 2.98538627 2.97399013 2.89580391 2.81877402
7.0601 2.99538058 2.98546237 2.97411136 2.89620202 2.81939383
7.0701 2.99541682 2.98553828 2.97423208 2.89659795 2.82001048
7.0801 2.99545315 2.985614 2.97435232 2.89699174 2.82062384
7.0901 2.99548957 2.98568954 2.97447207 2.89738341 2.82123403
7.1001 2.99552609 2.98576492 2.97459137 2.89777297 2.82184108
7.1101 2.99556272 2.98584014 2.97471021 2.89816047 2.82244501
7.1201 2.99559946 2.98591521 2.97482861 2.89854591 2.82304321
7.1301 2.99563632 2.98599014 2.97494659 2.89892934 2.82364104
7.1401 2.99567332 2.98606495 2.97506415 2.89931076 2.82423585
7.1501 2.99571045 2.98613964 2.97518131 2.89969022 2.82482767
7.1601 2.99574772 2.98621423 2.97529808 2.90006772 2.82541653
7.1701 2.99578515 2.98628871 2.97541448 2.9004433 2.82600245
7.1801 2.99582274 2.98636312 2.97553051 2.90081698 2.82658548
7.1901 2.9958605 2.98643744 2.9756462 2.90118879 2.82716563
7.2001 2.99589843 2.9865117 2.97576154 2.90155875 2.82774295
7.2101 2.99593655 2.98658591 2.97587657 2.90192687 2.82831745
7.2201 2.99597487 2.98666007 2.97599128 2.9022932 2.82888916
7.2301 2.99601338 2.9867342 2.97610569 2.90265775 2.82945812
7.2401 2.99605211 2.9868083 2.97621981 2.90302054 2.83002436
7.2501 2.99609106 2.98688239 2.97633366 2.9033816 2.8305879
7.2601 2.99613023 2.98695648 2.97644725 2.90374095 2.83114877
7.2701 2.99616964 2.98703058 2.9765606 2.90409861 2.831707
7.2801 2.99620929 2.98710469 2.97667371 2.90445462 2.83226262
7.2901 2.9962492 2.98717884 2.9767866 2.90480899 2.83281566
7.3001 2.99628938 2.98725303 2.97689928 2.90516174 2.83336614
7.3101 2.99632982 2.98732728 2.97701176 2.9055129 2.8339141
7.3201 2.99637055 2.98740158 2.97712407 2.9058625 2.83445956
7.3301 2.99641157 2.98747596 2.9772362 2.90621055 2.83500255
7.3401 2.99645289 2.98755043 2.97734819 2.90655708 2.83554309
7.3501 2.99649452 2.987625 2.97746003 2.90690211 2.83608123
7.3601 2.99653646 2.98769967 2.97757174 2.90724566 2.83661697
7.3701 2.99657874 2.98777447 2.97768334 2.90758776 2.83715035
7.3801 2.99662136 2.9878494 2.97779483 2.90792844 2.83768141
7.3901 2.99666432 2.98792447 2.97790624 2.9082677 2.83821015
7.4001 2.99670765 2.9879997 2.97801758 2.90860558 2.83873662
7.4101 2.99675134 2.9880751 2.97812886 2.9089421 2.83926084
7.4201 2.99679541 2.98815068 2.97824009 2.90927729 2.83978283
7.4301 2.99683988 2.98822645 2.97835129 2.90961115 2.84030263
7.4401 2.99688474 2.98830242 2.97846247 2.90994372 2.84082026
7.4501 2.99693002 2.98837862 2.97857365 2.91027503 2.84133575
7.4601 2.99697571 2.98845504 2.97868484 2.91060508 2.84184912
7.4701 2.99702184 2.9885317 2.97879605 2.91093391 2.8423604
7.4801 2.99706842 2.98860862 2.9789073 2.91126154 2.84286962
7.4901 2.99711545 2.9886858 2.97901861 2.91158799 2.8433768
7.5001 2.99716294 2.98876327 2.97912998 2.91191328 2.84388198
7.5101 2.99721092 2.98884102 2.97924144 2.91223743 2.84438517
7.5201 2.99725938 2.98891909 2.97935299 2.91256048 2.8448864
7.5301 2.99730834 2.98899747 2.97946466 2.91288243 2.84538571
7.5401 2.99735782 2.98907619 2.97957645 2.91320332 2.84588311
7.5501 2.99740782 2.98915525 2.97968839 2.91352316 2.84637864
7.5601 2.99745836 2.98923467 2.97980048 2.91384198 2.84687231
7.5701 2.99750945 2.98931446 2.97991275 2.9141598 2.84736416
7.5801 2.99756109 2.98939464 2.9800252 2.91447665 2.84785421
7.5901 2.99761332 2.98947522 2.98013785 2.91479254 2.84834249
7.6001 2.99766613 2.98955622 2.98025073 2.9151075 2.84882903
7.6101 2.99771953 2.98963765 2.98036384 2.91542156 2.84931384
7.6201 2.99777356 2.98971951 2.98047719 2.91573472 2.84979696
7.6301 2.9978282 2.98980184 2.98059082 2.91604703 2.85027842
7.6401 2.99788349 2.98988464 2.98070472 2.91635849 2.85075823
7.6501 2.99793942 2.98996793 2.98081893 2.91666914 2.85123643
7.6601 2.99799603 2.99005172 2.98093344 2.91697899 2.85171304
7.6701 2.99805331 2.99013602 2.98104829 2.91728807 2.85218808
7.6801 2.99811128 2.99022086 2.98116349 2.9175964 2.85266159
7.6901 2.99816997 2.99030625 2.98127905 2.91790401 2.85313359
7.7001 2.99822937 2.99039219 2.98139498 2.91821091 2.8536041
7.7101 2.99828951 2.99047872 2.98151132 2.91851714 2.85407316
7.7201 2.9983504 2.99056584 2.98162807 2.9188227 2.85454078
7.7301 2.99841205 2.99065357 2.98174525 2.91912764 2.855007
7.7401 2.99847449 2.99074193 2.98186288 2.91943196 2.85547183
7.7501 2.99853772 2.99083093 2.98198098 2.9197357 2.85593531
7.7601 2.99860176 2.99092059 2.98209956 2.92003887 2.85639747
7.7701 2.99866662 2.99101092 2.98221864 2.9203415 2.85685832
7.7801 2.99873233 2.99110194 2.98233824 2.92064362 2.85731789
7.7901 2.99879889 2.99119368 2.98245837 2.92094524 2.85777622
7.8001 2.99886633 2.99128614 2.98257907 2.92124639 2.85823332
7.8101 2.99893465 2.99137934 2.98270033 2.9215471 2.85868923
7.8201 2.99900388 2.9914733 2.98282219 2.92184738 2.85914396
7.8301 2.99907403 2.99156804 2.98294466 2.92214727 2.85959755
7.8401 2.99914512 2.99166357 2.98306775 2.92244678 2.86005002
7.8501 2.99921716 2.99175992 2.9831915 2.92274594 2.8605014
7.8601 2.99929018 2.9918571 2.98331591 2.92304478 2.86095172
7.8701 2.99936418 2.99195513 2.98344101 2.92334331 2.86140099
7.8801 2.99943919 2.99205403 2.98356681 2.92364156 2.86184926
7.8901 2.99951523 2.99215381 2.98369334 2.92393956 2.86229653
7.9001 2.99959231 2.9922545 2.98382062 2.92423733 2.86274285
7.9101 2.99967044 2.99235611 2.98394866 2.92453489 2.86318823
7.9201 2.99974966 2.99245867 2.98407749 2.92483228 2.86363271
7.9301 2.99982997 2.99256219 2.98420712 2.92512951 2.86407631
7.9401 2.9999114 2.99266669 2.98433757 2.9254266 2.86451905
7.9501 2.99999396 2.99277219 2.98446888 2.9257236 2.86496097
7.9601 3.00007767 2.99287871 2.98460105 2.92602051 2.86540209
7.9701 3.00016255 2.99298628 2.98473411 2.92631736 2.86584244
7.9801 3.00024863 2.9930949 2.98486808 2.92661419 2.86628204
7.9901 3.00033592 2.99320461 2.98500298 2.926911 2.86672093
8.0001 3.00042444 2.99331542 2.98513883 2.92720784 2.86715913
8.0101 3.0005142 2.99342736 2.98527565 2.92750473 2.86759666
8.0201 3.00060524 2.99354044 2.98541348 2.92780169 2.86803355
8.0301 3.00069758 2.99365469 2.98555232 2.92809874 2.86846984
8.0401 3.00079122 2.99377013 2.9856922 2.92839592 2.86890555
8.0501 3.0008862 2.99388677 2.98583314 2.92869324 2.8693407
8.0601 3.00098253 2.99400465 2.98597517 2.92899074 2.86977533
8.0701 3.00108024 2.99412378 2.98611831 2.92928845 2.87020946
8.0801 3.00117934 2.99424418 2.98626257 2.92958638 2.87064311
8.0901 3.00127986 2.99436589 2.986408 2.92988457 2.87107633
8.1001 3.00138183 2.99448891 2.9865546 2.93018304 2.87150913
8.1101 3.00148526 2.99461328 2.9867024 2.93048181 2.87194154
8.1201 3.00159017 2.99473902 2.98685143 2.93078093 2.8723736
8.1301 3.00169659 2.99486615 2.98700171 2.9310804 2.87280533
8.1401 3.00180454 2.99499469 2.98715327 2.93138027 2.87323675
8.1501 3.00191405 2.99512467 2.98730612 2.93168055 2.8736679
8.1601 3.00202514 2.99525612 2.9874603 2.93198128 2.87409881
8.1701 3.00213783 2.99538905 2.98761582 2.93228248 2.8745295
8.1801 3.00225214 2.99552349 2.98777272 2.93258418 2.87496001
8.1901 3.0023681 2.99565947 2.98793102 2.93288641 2.87539035
8.2001 3.00248574 2.99579701 2.98809074 2.93318919 2.87582057
8.2101 3.00260508 2.99593613 2.98825191 2.93349256 2.87625068
8.2201 3.00272614 2.99607687 2.98841457 2.93379655 2.87668073
8.2301 3.00284895 2.99621924 2.98857872 2.93410117 2.87711073
8.2401 3.00297353 2.99636328 2.9887444 2.93440647 2.87754072
8.2501 3.00309992 2.99650901 2.98891164 2.93471247 2.87797073
8.2601 3.00322812 2.99665646 2.98908046 2.9350192 2.87840079
8.2701 3.00335818 2.99680564 2.9892509 2.93532668 2.87883092
8.2801 3.00349012 2.9969566 2.98942297 2.93563495 2.87926116
8.2901 3.00362397 2.99710935 2.98959671 2.93594404 2.87969154
8.3001 3.00375974 2.99726393 2.98977214 2.93625398 2.88012208
8.3101 3.00389747 2.99742036 2.98994929 2.93656479 2.88055282
8.3201 3.00403719 2.99757867 2.99012819 2.93687652 2.88098379
8.3301 3.00417893 2.99773889 2.99030887 2.93718918 2.88141502
8.3401 3.0043227 2.99790105 2.99049136 2.9375028 2.88184653
8.3501 3.00446855 2.99806517 2.99067568 2.93781743 2.88227837
8.3601 3.00461649 2.99823128 2.99086187 2.93813308 2.88271055
8.3701 3.00476656 2.99839942 2.99104996 2.9384498 2.88314312
8.3801 3.00491878 2.99856961 2.99123997 2.93876761 2.8835761
8.3901 3.00507319 2.99874188 2.99143194 2.93908654 2.88400952
8.4001 3.00522982 2.99891627 2.99162589 2.93940663 2.88444342
8.4101 3.00538868 2.99909279 2.99182186 2.9397279 2.88487783
8.4201 3.00554983 2.99927149 2.99201987 2.94005039 2.88531278
8.4301 3.00571327 2.99945239 2.99221997 2.94037413 2.88574829
8.4401 3.00587905 2.99963553 2.99242217 2.94069915 2.88618441
8.4501 3.0060472 2.99982093 2.99262651 2.94102549 2.88662117
8.4601 3.00621775 3.00000863 2.99283302 2.94135318 2.88705859
8.4701 3.00639072 3.00019866 2.99304174 2.94168225 2.88749672
8.4801 3.00656615 3.00039104 2.9932527 2.94201273 2.88793557
8.4901 3.00674407 3.00058583 2.99346593 2.94234466 2.88837519
8.5001 3.00692452 3.00078303 2.99368145 2.94267807 2.88881561
8.5101 3.00710752 3.00098269 2.99389931 2.94301299 2.88925686
8.5201 3.00729311 3.00118485 2.99411955 2.94334946 2.88969898
8.5301 3.00748132 3.00138953 2.99434218 2.94368751 2.89014199
8.5401 3.00767219 3.00159676 2.99456725 2.94402718 2.89058594
8.5501 3.00786574 3.00180659 2.99479478 2.9443685 2.89103085
8.5601 3.00806202 3.00201905 2.99502482 2.9447115 2.89147675
8.5701 3.00826105 3.00223416 2.9952574 2.94505623 2.89192369
8.5801 3.00846288 3.00245197 2.99549256 2.94540271 2.8923717
8.5901 3.00866752 3.00267251 2.99573032 2.94575098 2.89282081
8.6001 3.00887503 3.00289581 2.99597072 2.94610107 2.89327106
8.6101 3.00908544 3.00312191 2.99621381 2.94645302 2.89372247
8.6201 3.00929877 3.00335085 2.99645961 2.94680687 2.89417509
8.6301 3.00951507 3.00358266 2.99670816 2.94716266 2.89462895
8.6401 3.00973437 3.00381738 2.99695949 2.94752041 2.89508409
8.6501 3.00995671 3.00405504 2.99721365 2.94788017 2.89554053
8.6601 3.01018212 3.00429568 2.99747068 2.94824196 2.89599832
8.6701 3.01041064 3.00453934 2.9977306 2.94860584 2.89645749
8.6801 3.01064232 3.00478605 2.99799345 2.94897183 2.89691808
8.6901 3.01087717 3.00503586 2.99825928 2.94933998 2.89738012
8.7001 3.01111525 3.0052888 2.99852811 2.94971031 2.89784365
8.7101 3.0113566 3.0055449 2.9988 2.95008287 2.8983087
8.7201 3.01160124 3.00580422 2.99907497 2.95045769 2.89877532
8.7301 3.01184921 3.00606677 2.99935307 2.95083482 2.89924353
8.7401 3.01210057 3.00633261 2.99963433 2.95121429 2.89971337
8.7501 3.01235534 3.00660178 2.9999188 2.95159614 2.90018489
8.7601 3.01261356 3.0068743 3.00020651 2.95198041 2.90065811
8.7701 3.01287528 3.00715023 3.0004975 2.95236713 2.90113308
8.7801 3.01314053 3.0074296 3.00079181 2.95275634 2.90160982
8.7901 3.01340935 3.00771245 3.00108949 2.9531481 2.90208839
8.8001 3.01368178 3.00799882 3.00139056 2.95354242 2.90256882
8.8101 3.01395787 3.00828876 3.00169509 2.95393936 2.90305113
8.8201 3.01423766 3.00858229 3.00200309 2.95433895 2.90353539
8.8301 3.01452118 3.00887947 3.00231462 2.95474123 2.90402161
8.8401 3.01480847 3.00918034 3.00262971 2.95514625 2.90450984
8.8501 3.01509959 3.00948494 3.00294842 2.95555403 2.90500011
8.8601 3.01539456 3.0097933 3.00327077 2.95596464 2.90549247
8.8701 3.01569344 3.01010548 3.00359681 2.95637809 2.90598695
8.8801 3.01599626 3.0104215 3.00392659 2.95679444 2.9064836
8.8901 3.01630307 3.01074143 3.00426014 2.95721372 2.90698245
8.9001 3.0166139 3.01106529 3.00459751 2.95763598 2.90748353
8.9101 3.01692881 3.01139313 3.00493875 2.95806126 2.9079869
8.9201 3.01724784 3.011725 3.00528389 2.9584896 2.90849258
8.9301 3.01757102 3.01206094 3.00563297 2.95892104 2.90900063
8.9401 3.01789841 3.01240099 3.00598605 2.95935562 2.90951107
8.9501 3.01823004 3.0127452 3.00634316 2.95979338 2.91002394
8.9601 3.01856596 3.0130936 3.00670435 2.96023437 2.9105393
8.9701 3.01890622 3.01344625 3.00706967 2.96067863 2.91105717
8.9801 3.01925086 3.01380319 3.00743915 2.9611262 2.91157759
8.9901 3.01959993 3.01416446 3.00781285 2.96157713 2.91210062
9.0001 3.01995346 3.01453012 3.0081908 2.96203145 2.91262628
10.0001 3.08618156 3.08146942 3.07568377 3.0323288 2.98573218
11.0001 3.23942395 3.23416223 3.22731916 3.17584523 3.12245543
12.0001 3.46597176 3.45910094 3.45009853 3.38444703 3.3193766
13.0001 3.68982794 3.68178083 3.67134683 3.59701573 3.52487051
14.0001 3.87107026 3.86312516 3.85268313 3.77778949 3.70478516
15.0001 4.02801617 4.02112523 4.01147711 3.93925296 3.86735556
16.0001 4.18777708 4.18242756 4.17380618 4.10411641 4.03265068
17.0001 4.35838388 4.35476782 4.34719985 4.27970999 4.20833604
18.0001 4.53087543 4.52909669 4.52262064 4.45807802 4.3878729
19.0001 4.69430976 4.69462949 4.68936902 4.62899465 4.56154753
20.0001 4.8456134 4.84854668 4.84467298 4.78918531 4.72541524
21.0001 4.98843941 4.99459137 4.99221729 4.94154054 4.881447
22.0001 5.12759904 5.13735311 5.13641024 5.08992624 5.03303944
23.0001 5.2654032 5.27868119 5.27884656 5.23571528 5.18161219
24.0001 5.40135137 5.41760803 5.4183307 5.37771054 5.32621114
25.0001 5.5337768 5.55220934 5.55282027 5.51392506 5.46502843
26.0001 5.66154191 5.68134512 5.68118539 5.64327577 5.59698754
27.0001 5.78470059 5.8052161 5.80373534 5.76612303 5.72233762
28.0001 5.90415219 5.92488723 5.921707 5.88381314 5.8423061
29.0001 6.02088895 6.04147389 6.03642777 5.99788029 5.95835433
30.0001 6.13539968 6.15556057 6.14871312 6.10943619 6.07161751
31.0001 6.24748534 6.26706057 6.25869733 6.2189477 6.18263949
32.0001 6.35645103 6.37543353 6.36601744 6.32634915 6.29145409
33.0001 6.4614787 6.48004723 6.47015017 6.43132113 6.3978303
34.0001 6.56196987 6.58048508 6.57071262 6.53356679 6.50152898
35.0001 6.65773245 6.6766966 6.66762383 6.63298266 6.60246943
36.0001 6.74899379 6.76898913 6.76111733 6.72970075 6.70077793
37.0001 6.83629447 6.85791827 6.85165293 6.82403454 6.7967448
38.0001 6.92033604 6.94414515 6.93979067 6.91638155 6.89073738
39.0001 7.00183993 7.02831103 7.02607596 7.0071282 6.98311234
40.0001 7.08144742 7.11095417 7.11096207 7.09658369 7.0741537
41.0001 7.15966799 7.19247305 7.19477547 7.18495083 7.16404505
42.0001 7.23686921 7.27312755 7.27771718 7.27232876 7.25287184
43.0001 7.31329538 7.35306439 7.35988698 7.35873557 7.34064276
44.0001 7.38910141 7.43235332 7.44131726 7.44413873 7.42731853
45.0001 7.46439022 7.5110228 7.52200596 7.52848332 7.51283869
46.0001 7.53924577 7.5890887 7.6019421 7.61171254 7.59714115
47.0001 7.613757 7.66657259 7.68112137 7.69377914 7.68017287
48.0001 7.68803138 7.74351017 7.75955241 7.77464886 7.76189324
49.0001 7.76219854 7.81995138 7.83725604 7.85429867 7.8422725
50.0001 7.83640621 7.89595533 7.91426031 7.9327127 7.92128818
51.0001 7.91081063 7.97158244 7.99059386 8.00987817 7.99892164
52.0001 7.98556406 8.04688607 8.06627975 8.08578253 8.07515586
53.0001 8.06080121 8.12190515 8.14133052 8.16041239 8.14997493
54.0001 8.1366264 8.19665854 8.21574525 8.23375394 8.22336496
55.0001 8.21310273 8.27114138 8.28950819 8.30579425 8.29531564
56.0001 8.29024394 8.34532366 8.36258898 8.37652294 8.36582203
57.0001 8.36800984 8.41915047 8.43494385 8.44593359 8.43488587
58.0001 8.44630545 8.49254389 8.50651747 8.51402458 8.50251621
59.0001 8.52498382 8.56540617 8.57724528 8.58079924 8.56872923
60.0001 8.60385235 8.63762374 8.64705588 8.64626544 8.63354739
61.0001 8.68268182 8.70907191 8.71587365 8.7104346 8.69699797
62.0001 8.76121743 8.77961987 8.7836212 8.77332066 8.7591115
63.0001 8.83919083 8.84913574 8.85022185 8.83493883 8.81992002
64.0001 8.91633209 8.91749123 8.9156019 8.89530456 8.87945557
65.0001 8.99238075 8.98456594 8.97969274 8.95443276 8.93774895
66.0001 9.06709514 9.05025087 9.04243254 9.01233724 8.99482878
67.0001 9.14025968 9.11445115 9.1037678 9.06903048 9.05072095
68.0001 9.21168966 9.1770878 9.16365427 9.12452359 9.10544839
69.0001 9.28123385 9.23809871 9.22205763 9.17882648 9.15903102
70.0001 9.34877495 9.29743872 9.27895365 9.23194814 9.21148602
71.0001 9.41422835 9.35507905 9.33432798 9.28389691 9.26282806
72.0001 9.47753954 9.41100614 9.38817569 9.33468085 9.31306972
73.0001 9.5386808 9.46522006 9.44050039 9.38430799 9.36222187
74.0001 9.59764724 9.51773272 9.4913133 9.43278655 9.41029405
75.0001 9.65445292 9.56856588 9.54063211 9.48012507 9.45729474
76.0001 9.70913667 9.61774921 9.58847986 9.52633255 9.50323172
77.0001 9.76172071 9.66531843 9.63488377 9.57141842 9.54811225
78.0001 9.81226274 9.71131363 9.67987417 9.61539258 9.59194323
79.0001 9.86081762 9.75577772 9.72348353 9.65826534 9.63473141
80.0001 9.90744393 9.79875521 9.76574561 9.70004735 9.67648348
81.0001 9.95220223 9.84029113 9.80669474 9.74074961 9.71720614
82.0001 9.9951538 9.88043028 9.84636526 9.78038336 9.75690624
83.0001 10.0363597 9.91921654 9.88479105 9.8189601 9.79559083
84.0001 10.0758803 9.95669252 9.92200526 9.85649157 9.83326725
85.0001 10.1137744 9.99289929 9.95804005 9.89298972 9.86994322
86.0001 10.1500997 10.0278762 9.99292653 9.92846681 9.90562691
87.0001 10.184912 10.0616609 10.0266947 9.96293538 9.94032702
88.0001 10.2182656 10.0942894 10.0593734 9.99640832 9.97405283
89.0001 10.2502134 10.125796 10.0909907 10.0288989 10.0068143
90.0001 10.2808065 10.1562136 10.1215733 10.0604209 10.0386222
91.0001 10.3100947 10.185574 10.1511475 10.0909885 10.0694878
92.0001 10.3381266 10.2139075 10.1797386 10.1206166 10.0994236
93.0001 10.3649493 10.2412437 10.2073715 10.1493203 10.1284425
94.0001 10.3906089 10.2676111 10.2340705 10.1771158 10.1565585
95.0001 10.4151501 10.2930377 10.2598594 10.2040193 10.1837863
96.0001 10.4386168 10.3175507 10.284762 10.2300482 10.2101415
97.0001 10.4610515 10.3411769 10.3088015 10.2552199 10.2356403
98.0001 10.4824857 10.3639426 10.332001 10.2795527 10.2602998
99.0001 10.5029805 10.3858736 10.3543836 10.3030652 10.2841376
100.0001 10.5225648 10.4069954 10.3759721 10.3257767 10.3071721
101.0001 10.5412767 10.4273333 10.396789 10.3477066 10.3294219
102.0001 10.5591534 10.4469119 10.4168571 10.3688748 10.3509063
103.0001 10.5762309 10.4657558 10.4361986 10.3893013 10.371645
104.0001 10.5925442 10.4838891 10.4548357 10.4090066 10.3916578
105.0001 10.608127 10.5013356 10.4727904 10.428011 10.4109648
106.0001 10.6230119 10.5181187 10.4900846 10.4463352 10.4295864
107.0001 10.6372305 10.5342615 10.5067397 10.4639996 10.4475429
108.0001 10.650813 10.5497863 10.5227769 10.4810247 10.4648544
109.0001 10.6637887 10.5647155 10.5382173 10.4974308 10.4815414
110.0001 10.6761856 10.5790707 10.5530814 10.5132382 10.4976239
111.0001 10.6880307 10.592873 10.5673893 10.5284668 10.5131219
112.0001 10.6993498 10.6061431 10.5811609 10.5431362 10.5280549
113.0001 10.7101677 10.6189013 10.5944156 10.5572659 10.5424424
114.0001 10.720508 10.631167 10.6071723 10.5708749 10.5563035
115.0001 10.7303935 10.6429594 10.6194495 10.5839817 10.5696569
116.0001 10.7398458 10.654297 10.6312651 10.5966047 10.5825208
117.0001 10.7488856 10.6651977 10.6426367 10.6087617 10.5949131
118.0001 10.7575326 10.675679 10.6535813 10.6204699 10.6068513
119.0001 10.7658057 10.6857575 10.6641154 10.6317463 10.6183523
120.0001 10.7737227 10.6954497 10.6742549 10.6426072 10.6294327
121.0001 10.7813008 10.704771 10.6840153 10.6530686 10.6401085
122.0001 10.7885561 10.7137368 10.6934116 10.6631459 10.6503951
123.0001 10.7955042 10.7223615 10.7024582 10.672854 10.6603076
124.0001 10.8021597 10.7306591 10.7111691 10.6822074 10.6698607
125.0001 10.8085367 10.7386433 10.7195578 10.6912199 10.6790683
126.0001 10.8146484 10.7463268 10.7276371 10.6999051 10.6879439
127.0001 10.8205075 10.7537223 10.7354195 10.7082759 10.6965008
128.0001 10.8261259 10.7608416 10.7429171 10.7163448 10.7047514
129.0001 10.8315151 10.7676963 10.7501414 10.7241238 10.712708
130.0001 10.8366859 10.7742973 10.7571034 10.7316246 10.7203823
131.0001 10.8416485 10.7806553 10.7638138 10.7388582 10.7277853
132.0001 10.8464127 10.7867803 10.7702829 10.7458353 10.7349281
133.0001 10.8509879 10.792682 10.7765204 10.7525663 10.7418209
134.0001 10.8553827 10.7983697 10.7825358 10.7590609 10.7484737
135.0001 10.8596056 10.8038523 10.7883381 10.7653287 10.754896
136.0001 10.8636645 10.8091384 10.7939358 10.7713787 10.7610972
137.0001 10.8675669 10.8142359 10.7993374 10.7772197 10.7670859
138.0001 10.8713199 10.8191528 10.8045507 10.7828599 10.7728706
139.0001 10.8749305 10.8238964 10.8095833 10.7883075 10.7784594
140.0001 10.8784049 10.828474 10.8144425 10.79357 10.78386
141.0001 10.8817493 10.8328922 10.8191354 10.7986548 10.78908
142.0001 10.8849697 10.8371576 10.8236685 10.803569 10.7941264
143.0001 10.8880714 10.8412765 10.8280482 10.8083193 10.799006
144.0001 10.8910598 10.8452548 10.8322808 10.8129122 10.8037254
145.0001 10.8939398 10.8490981 10.8363719 10.8173538 10.8082909
146.0001 10.8967162 10.852812 10.8403273 10.8216501 10.8127084
147.0001 10.8993935 10.8564015 10.8441523 10.8258068 10.8169837
148.0001 10.901976 10.8598718 10.8478519 10.8298293 10.8211224
149.0001 10.9044678 10.8632275 10.8514312 10.8337227 10.8251295
150.0001 10.9068728 10.8664731 10.8548949 10.8374921 10.8290103
151.0001 10.9091946 10.8696132 10.8582473 10.8411423 10.8327696
152.0001 10.9114368 10.8726517 10.8614929 10.8446778 10.8364119
153.0001 10.9136028 10.8755927 10.8646358 10.8481029 10.8399418
154.0001 10.9156957 10.8784399 10.8676798 10.851422 10.8433634
155.0001 10.9177186 10.8811971 10.8706288 10.854639 10.8466808
156.0001 10.9196744 10.8838677 10.8734865 10.8577577 10.849898
157.0001 10.9215658 10.8864549 10.8762562 10.8607818 10.8530187
158.0001 10.9233954 10.8889622 10.8789412 10.8637149 10.8560464
159.0001 10.9251658 10.8913923 10.8815449 10.8665603 10.8589846
160.0001 10.9268794 10.8937484 10.8840701 10.8693213 10.8618366
161.0001 10.9285385 10.8960331 10.8865199 10.872001 10.8646055
162.0001 10.9301451 10.8982492 10.888897 10.8746024 10.8672944
163.0001 10.9317015 10.9003993 10.8912041 10.8771283 10.8699061
164.0001 10.9332096 10.9024857 10.8934438 10.8795815 10.8724435
165.0001 10.9346713 10.9045109 10.8956185 10.8819647 10.8749092
166.0001 10.9360885 10.9064771 10.8977307 10.8842802 10.8773058
167.0001 10.9374627 10.9083865 10.8997825 10.8865306 10.8796358
168.0001 10.9387958 10.9102411 10.9017762 10.8887182 10.8819014
169.0001 10.9400894 10.912043 10.9037138 10.8908452 10.884105
170.0001 10.9413448 10.913794 10.9055974 10.8929137 10.8862488
171.0001 10.9425636 10.9154961 10.9074289 10.8949259 10.8883349
172.0001 10.9437472 10.9171509 10.9092101 10.8968837 10.8903652
173.0001 10.9448969 10.9187601 10.9109428 10.8987889 10.8923416
174.0001 10.946014 10.9203254 10.9126287 10.9006435 10.8942662
175.0001 10.9470997 10.9218484 10.9142694 10.9024491 10.8961405
176.0001 10.9481551 10.9233305 10.9158667 10.9042075 10.8979665
177.0001 10.9491815 10.9247731 10.9174218 10.9059203 10.8997456
178.0001 10.9501799 10.9261777 10.9189364 10.9075891 10.9014795
179.0001 10.9511514 10.9275457 10.9204118 10.9092153 10.9031698
180.0001 10.9520969 10.9288782 10.9218493 10.9108004 10.9048179
181.0001 10.9530174 10.9301765 10.9232504 10.9123458 10.9064252
182.0001 10.9539138 10.9314418 10.9246161 10.9138529 10.9079931
183.0001 10.954787 10.9326753 10.9259479 10.9153229 10.9095229
184.0001 10.9556379 10.9338781 10.9272467 10.9167571 10.9110159
185.0001 10.9564673 10.9350511 10.9285137 10.9181567 10.9124734
186.0001 10.957276 10.9361956 10.92975 10.9195228 10.9138964
187.0001 10.9580647 10.9373123 10.9309567 10.9208567 10.9152862
188.0001 10.9588341 10.9384023 10.9321348 10.9221593 10.9166438
189.0001 10.9595851 10.9394666 10.9332851 10.9234317 10.9179704
190.0001 10.9603183 10.9405059 10.9344088 10.9246749 10.9192668
191.0001 10.9610342 10.9415213 10.9355066 10.9258899 10.9205342
192.0001 10.9617337 10.9425134 10.9365795 10.9270776 10.9217735
193.0001 10.9624172 10.9434831 10.9376283 10.928239 10.9229857
194.0001 10.9630854 10.9444311 10.9386539 10.9293749 10.9241715
195.0001 10.9637389 10.9453583 10.9396569 10.9304861 10.9253319
196.0001 10.9643782 10.9462653 10.9406383 10.9315736 10.9264678
197.0001 10.9650038 10.9471529 10.9415987 10.932638 10.9275799
198.0001 10.9656163 10.9480217 10.9425388 10.9336803 10.928669
199.0001 10.9662162 10.9488724 10.9434594 10.934701 10.929736
200.0001 10.966804 10.9497056 10.9443611 10.935701 10.9307815
